1164,1279
1164,1278
1164,1277
1164,1276
1164,1275
1164,1274
1164,1273
1164,1272
1164,1271
1164,1270
1164,1269
1164,1268
1164,1267
1164,1266
1164,1265
1164,1264
1164,1263
1164,1262
1164,1261
1164,1260
1164,1259
1164,1258
1164,1257
1164,1256
1164,1255
1164,1254
1164,1253
1164,1252
1164,1251
1164,1250
1164,1249
1164,1248
1164,1247
1164,1246
1164,1245
1164,1244
1164,1243
1164,1242
1164,1241
1164,1240
1164,1239
1164,1238
1164,1237
1164,1236
1164,1235
1164,1234
1164,1233
1164,1232
1164,1231
1164,1230
1164,1229
1164,1228
1164,1227
1164,1226
1164,1225
1164,1224
1164,1223
1164,1222
1164,1221
1164,1220
1164,1219
1164,1218
1164,1217
1164,1343
1164,1342
1164,1341
1164,1340
1164,1339
1164,1338
1164,1337
1164,1336
1164,1335
1164,1334
1164,1333
1164,1332
1164,1331
1164,1330
1164,1329
1164,1328
1164,1327
1164,1326
1164,1325
1164,1324
1164,1323
1164,1322
1164,1321
1164,1320
1164,1319
1164,1318
1164,1317
1164,1316
1164,1315
1164,1314
1164,1313
1164,1312
1164,1311
1164,1310
1164,1309
1164,1308
1164,1307
1164,1306
1164,1305
1164,1304
1164,1303
1164,1302
1164,1301
1164,1300
1164,1299
1164,1298
1164,1297
1164,1296
1164,1295
1164,1294
1164,1293
1164,1292
1164,1291
1164,1290
1164,1289
1164,1288
1164,1287
1164,1286
1164,1285
1164,1284
1164,1283
1164,1282
1164,1281
1164,1280
1164,1216
1164,1215
1164,1214
1164,1213
1164,1212
1164,1211
1164,1210
1164,1209
1164,1208
1164,1207
1164,1206
1164,1205
1164,1204
1164,1203
1164,1202
1164,1201
1164,1200
1164,1199
1164,1198
1164,1197
1164,1196
1164,1195
1164,1194
1164,1193
1164,1192
1164,1191
1164,1190
1164,1189
1164,1188
1164,1187
1164,1186
1164,1185
1164,1184
1164,1183
1164,1182
1164,1181
1164,1180
1164,1179
1164,1178
1164,1177
1164,1176
1164,1175
1164,1174
1164,1173
1164,1172
1164,1171
1164,1170
1164,1169
1164,1168
1164,1167
1164,1166
1164,1165
1164,1164
1164,1163
1164,1162
1164,1161
1164,1160
1164,1159
1164,1158
1164,1157
1164,1156
1164,1155
1164,1154
1164,1153
1164,1152
1164,1151
1164,1150
1164,1149
1164,1148
1164,1147
1164,1146
1164,1145
1164,1144
1164,1143
1164,1142
1164,1141
1164,1140
1164,1139
1164,1138
1164,1137
1164,1136
1164,1135
1164,1134
1164,1133
1164,1132
1164,1131
1164,1130
1164,1129
1164,1128
1164,1127
1164,1126
1164,1125
1164,1124
1164,1123
1164,1122
1164,1121
1164,1120
1164,1119
1164,1118
1164,1117
1164,1116
1164,1115
1164,1114
1164,1113
1164,1112
1164,1111
1164,1110
1164,1109
1164,1108
1164,1107
1164,1106
1164,1105
1164,1104
1164,1103
1164,1102
1164,1101
1164,1100
1164,1099
1164,1098
1164,1097
1164,1096
1164,1095
1164,1094
1164,1093
1164,1092
1164,1091
1164,1090
1164,1089
1164,1088
1164,1087
1164,1086
1164,1085
1164,1084
1164,1083
1164,1082
1164,1081
1164,1080
1164,1079
1164,1078
1164,1077
1164,1076
1164,1075
1164,1074
1164,1073
1164,1072
1164,1071
1164,1070
1164,1069
1164,1068
1164,1067
1164,1066
1164,1065
1164,1064
1164,1063
1164,1062
1164,1061
1164,1060
1164,1059
1164,1058
1164,1057
1164,1056
1164,1055
1164,1054
1164,1053
1164,1052
1164,1051
1164,1050
1164,1049
1164,1048
1164,1047
1164,1046
1164,1045
1164,1044
1164,1043
1164,1042
1164,1041
1164,1040
1164,1039
1164,1038
1164,1037
1164,1036
1164,1035
1164,1034
1164,1033
1164,1032
1164,1031
1164,1030
1164,1029
1164,1028
1164,1027
1164,1026
1164,1025
1164,69
1164,68
1164,1024
1164,1023
1164,1022
1164,1021
1164,1020
1164,1019
1164,1018
1164,1017
1164,1016
1164,1015
1164,1014
1164,1013
1164,1012
1164,1011
1164,1010
1164,1009
1164,1008
1164,1007
1164,1006
1164,1005
1164,1004
1164,1003
1164,1002
1164,1001
1164,1000
1164,999
1164,998
1164,997
1164,996
1164,995
1164,994
1164,993
1164,992
1164,991
1164,990
1164,989
1164,988
1164,987
1164,986
1164,985
1164,984
1164,983
1164,982
1164,981
1164,980
1164,979
1164,978
1164,977
1164,976
1164,975
1164,974
1164,973
1164,972
1164,971
1164,970
1164,969
1164,968
1164,967
1164,966
1164,965
1164,964
1164,963
1164,962
1164,961
1164,960
1164,959
1164,958
1164,957
1164,956
1164,955
1164,954
1164,953
1164,952
1164,951
1164,950
1164,949
1164,948
1164,947
1164,946
1164,945
1164,944
1164,943
1164,942
1164,941
1164,940
1164,939
1164,938
1164,937
1164,936
1164,935
1164,934
1164,933
1164,932
1164,931
1164,930
1164,929
1164,928
1164,927
1164,926
1164,925
1164,924
1164,923
1164,922
1164,921
1164,920
1164,919
1164,918
1164,917
1164,916
1164,915
1164,914
1164,913
1164,912
1164,911
1164,910
1164,909
1164,908
1164,907
1164,906
1164,905
1164,904
1164,903
1164,902
1164,901
1164,900
1164,899
1164,898
1164,897
1164,896
1164,895
1164,894
1164,893
1164,892
1164,891
1164,890
1164,889
1164,888
1164,887
1164,886
1164,885
1164,884
1164,883
1164,882
1164,881
1164,880
1164,879
1164,878
1164,877
1164,876
1164,875
1164,874
1164,873
1164,872
1164,871
1164,870
1164,869
1164,868
1164,867
1164,866
1164,865
1164,864
1164,863
1164,862
1164,861
1164,860
1164,859
1164,858
1164,857
1164,856
1164,855
1164,854
1164,853
1164,852
1164,851
1164,850
1164,849
1164,848
1164,847
1164,846
1164,845
1164,844
1164,843
1164,842
1164,841
1164,840
1164,839
1164,838
1164,837
1164,836
1164,835
1164,834
1164,833
1164,832
1164,831
1164,830
1164,829
1164,828
1164,827
1164,826
1164,825
1164,824
1164,823
1164,822
1164,821
1164,820
1164,819
1164,818
1164,817
1164,816
1164,815
1164,814
1164,813
1164,812
1164,811
1164,810
1164,809
1164,808
1164,807
1164,806
1164,805
1164,804
1164,803
1164,802
1164,801
1164,800
1164,799
1164,798
1164,797
1164,796
1164,795
1164,794
1164,793
1164,792
1164,791
1164,790
1164,789
1164,788
1164,787
1164,786
1164,785
1164,784
1164,783
1164,782
1164,781
1164,780
1164,779
1164,778
1164,777
1164,776
1164,775
1164,774
1164,773
1164,772
1164,771
1164,770
1164,769
1164,768
1164,767
1164,766
1164,765
1164,764
1164,763
1164,762
1164,761
1164,760
1164,759
1164,758
1164,757
1164,756
1164,755
1164,754
1164,753
1164,752
1164,751
1164,750
1164,749
1164,748
1164,747
1164,746
1164,745
1164,744
1164,743
1164,742
1164,741
1164,740
1164,739
1164,738
1164,737
1164,736
1164,735
1164,734
1164,733
1164,732
1164,731
1164,730
1164,729
1164,728
1164,727
1164,726
1164,725
1164,724
1164,723
1164,722
1164,721
1164,720
1164,719
1164,718
1164,717
1164,716
1164,715
1164,714
1164,713
1164,712
1164,711
1164,710
1164,709
1164,708
1164,707
1164,706
1164,705
1164,704
1164,703
1164,702
1164,701
1164,700
1164,699
1164,698
1164,697
1164,696
1164,695
1164,694
1164,693
1164,692
1164,691
1164,690
1164,689
1164,688
1164,687
1164,686
1164,685
1164,684
1164,683
1164,682
1164,681
1164,680
1164,679
1164,678
1164,677
1164,676
1164,675
1164,674
1164,673
1164,672
1164,671
1164,670
1164,669
1164,668
1164,667
1164,666
1164,665
1164,664
1164,663
1164,662
1164,661
1164,660
1164,659
1164,658
1164,657
1164,656
1164,655
1164,654
1164,653
1164,652
1164,651
1164,650
1164,649
1164,648
1164,647
1164,646
1164,645
1164,644
1164,643
1164,642
1164,641
1164,640
1164,639
1164,638
1164,637
1164,636
1164,635
1164,634
1164,633
1164,632
1164,631
1164,630
1164,629
1164,628
1164,627
1164,626
1164,625
1164,624
1164,623
1164,622
1164,621
1164,620
1164,619
1164,618
1164,617
1164,616
1164,615
1164,614
1164,613
1164,612
1164,611
1164,610
1164,609
1164,608
1164,607
1164,606
1164,605
1164,604
1164,603
1164,602
1164,601
1164,600
1164,599
1164,598
1164,597
1164,596
1164,595
1164,594
1164,593
1164,592
1164,591
1164,590
1164,589
1164,588
1164,587
1164,586
1164,585
1164,584
1164,583
1164,582
1164,581
1164,580
1164,579
1164,578
1164,577
1164,576
1164,575
1164,574
1164,573
1164,572
1164,571
1164,570
1164,569
1164,568
1164,567
1164,566
1164,565
1164,564
1164,563
1164,562
1164,561
1164,560
1164,559
1164,558
1164,557
1164,556
1164,555
1164,554
1164,553
1164,552
1164,551
1164,550
1164,549
1164,548
1164,547
1164,546
1164,545
1164,544
1164,543
1164,542
1164,541
1164,540
1164,539
1164,538
1164,537
1164,536
1164,535
1164,534
1164,533
1164,532
1164,531
1164,530
1164,529
1164,528
1164,527
1164,526
1164,525
1164,524
1164,523
1164,522
1164,521
1164,520
1164,519
1164,518
1164,517
1164,516
1164,515
1164,514
1164,513
1164,512
1164,511
1164,510
1164,509
1164,508
1164,507
1164,506
1164,505
1164,504
1164,503
1164,502
1164,501
1164,500
1164,499
1164,498
1164,497
1164,496
1164,495
1164,494
1164,493
1164,492
1164,491
1164,490
1164,489
1164,488
1164,487
1164,486
1164,485
1164,484
1164,483
1164,482
1164,481
1164,480
1164,479
1164,478
1164,477
1164,476
1164,475
1164,474
1164,473
1164,472
1164,471
1164,470
1164,469
1164,468
1164,467
1164,466
1164,465
1164,464
1164,463
1164,462
1164,461
1164,460
1164,459
1164,458
1164,457
1164,456
1164,455
1164,454
1164,453
1164,452
1164,451
1164,450
1164,449
1164,448
1164,447
1164,446
1164,445
1164,444
1164,443
1164,442
1164,441
1164,440
1164,439
1164,438
1164,437
1164,436
1164,435
1164,434
1164,433
1164,432
1164,431
1164,430
1164,429
1164,428
1164,427
1164,426
1164,425
1164,424
1164,423
1164,422
1164,421
1164,420
1164,419
1164,418
1164,417
1164,416
1164,415
1164,414
1164,413
1164,412
1164,411
1164,410
1164,409
1164,408
1164,407
1164,406
1164,405
1164,404
1164,403
1164,402
1164,401
1164,400
1164,399
1164,398
1164,397
1164,396
1164,395
1164,394
1164,393
1164,392
1164,391
1164,390
1164,389
1164,388
1164,387
1164,386
1164,385
1164,384
1164,383
1164,382
1164,381
1164,380
1164,379
1164,378
1164,377
1164,376
1164,375
1164,374
1164,373
1164,372
1164,371
1164,370
1164,369
1164,368
1164,367
1164,366
1164,365
1164,364
1164,363
1164,362
1164,361
1164,360
1164,359
1164,358
1164,357
1164,356
1164,355
1164,354
1164,353
1164,352
1164,351
1164,350
1164,349
1164,348
1164,347
1164,346
1164,345
1164,344
1164,343
1164,342
1164,341
1164,340
1164,339
1164,338
1164,337
1164,336
1164,335
1164,334
1164,333
1164,332
1164,331
1164,330
1164,329
1164,328
1164,327
1164,326
1164,325
1164,324
1164,323
1164,322
1164,321
1164,320
1164,319
1164,318
1164,317
1164,316
1164,315
1164,314
1164,313
1164,312
1164,311
1164,310
1164,309
1164,308
1164,307
1164,306
1164,305
1164,304
1164,303
1164,302
1164,301
1164,300
1164,299
1164,298
1164,297
1164,296
1164,295
1164,294
1164,293
1164,292
1164,291
1164,290
1164,289
1164,288
1164,287
1164,286
1164,285
1164,284
1164,283
1164,282
1164,281
1164,280
1164,279
1164,278
1164,277
1164,276
1164,275
1164,274
1164,273
1164,272
1164,271
1164,270
1164,269
1164,268
1164,267
1164,266
1164,265
1164,264
1164,263
1164,262
1164,261
1164,260
1164,259
1164,258
1164,257
1164,256
1164,255
1164,254
1164,253
1164,252
1164,251
1164,250
1164,249
1164,248
1164,247
1164,246
1164,245
1164,244
1164,243
1164,242
1164,241
1164,240
1164,239
1164,238
1164,237
1164,236
1164,235
1164,234
1164,233
1164,232
1164,231
1164,230
1164,229
1164,228
1164,227
1164,226
1164,225
